918 718 889 845 812 640 658 858 617 581 784 720 606 793 838 738 770 674 725 609 794 742 689 763 812 764 881 587 728 797 615 684 782 895 908 692 749 888 711 672 691 798 746 793 828 
1053 992 923 884 803 877 866 1012 779 796 877 870 762 1020 1120 1025 896 878 1098 619 1044 835 994 877 1013 912 1036 749 962 1030 828 856 853 1097 1048 848 998 947 955 888 955 1089 921 1024 1087 
1081 933 1070 918 950 841 820 914 679 764 924 771 651 892 1081 921 865 889 886 817 1049 838 917 837 939 850 971 805 878 924 784 711 793 1004 1007 748 950 926 901 922 888 959 785 1015 1018 
1064 920 940 933 917 869 808 931 736 694 1022 964 687 1013 1090 920 848 956 1016 709 1114 920 885 932 1067 888 1104 786 954 1017 842 760 828 1084 1050 768 927 997 891 977 910 1104 863 1144 1081 
1262 1075 1066 949 1072 917 955 1119 919 829 1100 931 892 983 1126 1208 1001 1086 957 863 1178 856 1022 913 1064 928 1116 764 1000 985 891 755 835 1047 1175 834 944 1040 878 1151 1025 1067 1091 1030 1192 
1133 986 1000 954 891 929 782 911 823 779 1067 851 780 999 1066 1093 1023 1020 1112 761 1072 933 886 989 1097 770 1045 873 961 1036 938 807 891 1177 1109 773 1056 999 873 860 1122 1116 1029 933 1040 
1058 1008 1055 853 929 791 821 1021 873 737 932 874 803 996 1090 1078 870 876 987 773 1087 876 934 912 946 843 975 734 940 947 785 661 839 1107 1013 829 772 1028 882 869 945 1104 1018 973 1099 
1243 1107 1254 1044 1132 888 873 1038 858 838 967 905 989 1087 1153 1121 978 899 945 843 1207 891 1092 851 1041 980 1027 848 991 1139 906 860 993 1153 1191 851 1011 1052 941 1010 927 1151 981 1096 1155 
1022 902 965 797 847 721 780 960 752 643 839 755 732 952 935 882 894 868 847 693 978 765 828 893 913 889 942 661 898 889 736 665 741 1082 950 731 789 977 752 838 890 999 913 898 983 
1359 964 1149 1048 1048 901 911 1027 951 993 1063 938 878 1094 1184 1166 1045 1001 1108 879 1286 979 982 1146 1138 979 1201 897 987 1111 1000 714 845 1098 1152 901 1071 960 902 973 1107 1157 998 1078 1295 
1128 919 1136 872 928 848 819 949 756 754 956 875 764 918 1079 944 946 875 1027 887 960 806 885 923 1019 943 1091 729 853 900 813 822 926 1059 1075 760 978 1007 855 975 996 1012 920 1022 1017 
1230 1048 1066 984 964 886 750 991 879 753 1161 869 915 1014 1069 1129 1036 990 1071 745 1141 913 841 961 1128 799 1105 858 977 1068 959 765 851 1155 1224 786 1038 1119 868 940 1023 1119 1066 1005 1138 
1095 970 1033 959 796 801 648 979 857 709 1003 907 738 970 987 969 880 943 856 748 1094 933 831 920 924 798 970 746 898 1007 875 697 754 1067 1036 753 902 952 785 907 974 1009 936 959 989 
976 972 941 866 897 735 734 908 755 708 945 802 605 772 849 952 770 842 801 649 983 882 844 849 882 849 906 734 936 839 758 715 720 964 886 708 824 937 885 969 676 1046 918 1051 955 
1159 906 1101 932 1040 874 914 1022 822 717 991 860 819 963 1097 1137 974 963 1040 714 976 830 937 859 1104 946 1057 787 985 922 782 812 840 1053 1126 792 970 1083 959 987 964 1144 947 1039 1116 
1286 1007 1110 1070 983 892 843 1084 862 787 1029 923 941 1093 1017 1022 1028 1009 1030 850 1190 862 879 950 1078 964 1047 713 946 1032 794 683 979 1121 1209 789 940 1005 816 1014 894 1020 1005 1002 1162 
1191 1090 1222 1050 943 955 798 1105 874 773 1035 945 886 1029 1055 1132 1026 974 971 884 1178 968 1021 980 1051 984 1039 718 950 1035 909 718 930 1145 1161 796 951 1016 844 1063 938 1148 1072 1006 1169 
918 787 812 792 753 644 697 792 657 555 744 744 560 695 830 893 811 738 776 581 814 687 806 813 836 749 771 566 840 858 655 662 641 880 801 608 789 898 704 661 766 859 793 873 836 
955 827 831 769 818 721 634 792 701 693 974 612 643 722 857 956 760 763 800 560 920 701 757 798 888 811 827 659 838 719 796 623 626 857 925 576 914 684 651 770 734 950 765 825 893 
1224 1042 1051 863 1089 825 839 1120 763 806 976 804 872 988 1053 990 985 1099 941 867 1217 922 925 865 972 863 1069 781 978 879 885 656 782 985 1167 818 915 1022 826 968 1006 1073 952 908 1119 
1127 1007 1023 876 962 831 785 924 791 815 1019 927 740 939 1109 1009 868 885 961 737 978 858 1044 902 979 899 1046 786 960 1007 871 871 806 1055 1068 801 1066 1027 932 891 983 1138 983 1119 1093 
1251 1070 1152 973 1071 916 956 956 802 897 1088 789 853 939 1056 1031 938 916 988 818 1211 909 1049 1070 1043 1000 1068 849 1083 1021 1007 779 955 1089 1088 795 1128 1071 877 999 857 1156 948 1129 1233 
1118 915 989 1002 757 907 730 1039 808 799 912 853 753 1038 1094 1075 913 987 844 730 1129 908 916 805 950 779 912 734 915 1023 858 646 718 1065 1047 683 976 985 831 943 1017 1076 996 981 1025 
1259 1037 1091 1016 1057 974 922 1084 828 834 1011 884 872 1079 1146 1132 953 1026 1038 833 1104 880 1079 862 1124 1042 972 767 1049 931 854 796 951 1096 1182 803 1078 1044 973 1084 959 1191 1082 1042 1207 
1017 927 958 904 949 839 743 923 674 647 922 813 656 842 1007 903 846 858 753 704 926 902 868 843 1000 763 971 724 814 869 884 736 824 1027 936 715 859 1052 840 851 933 1015 880 880 997 
1312 1066 1067 988 994 877 909 1103 781 835 1062 931 874 1024 1124 1028 958 967 1097 828 1158 887 1059 990 1111 1019 981 787 1010 945 886 771 913 1101 1201 801 1101 1116 896 924 1003 1198 991 1083 1155 
1201 978 1000 991 1021 858 865 1100 801 833 973 926 860 1058 1144 971 974 1001 1039 751 1195 980 1011 986 1036 871 1093 692 1012 957 848 780 967 1023 1181 787 1007 1045 900 915 972 1119 946 1009 1100 
1079 976 1100 911 891 845 834 933 800 791 905 889 797 931 1096 985 897 849 911 791 955 899 948 901 985 1000 1045 731 929 987 839 795 862 1104 1104 758 1082 1020 845 956 876 1158 1002 1110 1082 
850 739 679 664 757 619 712 767 560 542 727 690 547 758 800 655 693 700 747 569 865 687 724 751 833 697 840 619 775 713 664 615 672 801 861 586 717 747 672 779 697 753 599 748 805 
878 753 721 689 676 582 558 732 531 582 737 660 496 638 790 670 591 694 633 576 794 642 706 696 773 644 675 551 715 579 561 590 560 642 766 578 721 700 621 653 630 804 623 814 719 
1019 797 966 868 883 763 757 858 776 704 925 789 856 927 1009 1081 870 842 906 723 1018 749 832 760 912 816 935 604 865 877 719 642 743 964 1081 657 847 838 796 854 829 996 926 907 1002 
986 815 767 802 764 761 700 911 711 624 840 781 754 840 891 880 819 922 899 580 1010 801 811 758 856 694 845 627 832 857 741 584 787 929 899 668 776 767 782 882 809 910 829 720 935 
956 934 1001 941 871 797 737 898 632 653 828 773 671 877 969 883 846 817 906 701 1069 854 899 850 941 801 851 708 909 918 743 721 810 977 934 741 886 939 906 857 771 982 816 955 952 
1235 1143 1105 1018 969 851 831 1163 918 907 1092 1017 943 1064 1162 1084 910 1075 946 713 1200 972 1053 962 1154 943 1198 682 870 923 927 775 937 1071 1224 858 1015 1022 887 1010 1016 1104 1062 1027 1219 
1265 1111 1180 997 1024 991 970 1150 941 873 1123 904 866 1101 1227 1142 1038 1079 1108 886 1258 997 1074 1000 1113 975 1174 918 1150 1085 967 809 908 1155 1241 1010 1049 1106 938 1042 1055 1228 1097 1082 1195 
1107 944 1046 918 1007 792 750 912 661 895 917 809 743 936 1023 963 826 832 934 796 1043 845 910 750 918 794 938 827 809 927 786 715 794 973 1069 721 984 930 924 875 883 1024 814 1028 995 
1014 893 951 884 869 786 732 937 762 788 872 799 717 978 989 970 803 797 924 579 1002 859 893 844 950 879 980 720 886 905 794 705 796 990 1006 774 888 893 879 781 818 1074 775 960 1067 
1059 912 939 835 898 740 797 998 752 692 884 686 727 920 974 966 874 958 881 731 1096 830 779 818 987 831 944 761 943 822 739 662 705 987 1037 769 924 1006 838 883 884 1025 784 915 971 
1173 922 1102 932 929 812 854 977 873 768 960 948 823 1032 1149 1046 878 904 1005 807 1093 741 922 886 1020 973 972 661 936 942 724 740 833 1029 1117 762 836 939 875 1018 902 1071 979 1106 1083 
1216 1052 1047 940 903 791 887 1025 933 825 983 890 820 988 1055 1141 918 1055 1036 829 1152 829 1001 876 1058 861 939 745 953 995 716 723 858 1127 1123 719 1002 1051 887 980 943 1102 986 1098 1076 
986 790 806 671 816 587 600 875 714 663 866 688 609 779 809 818 815 786 892 607 905 674 722 859 793 700 857 570 762 712 596 577 664 855 811 622 642 786 720 674 782 844 762 807 832 
1308 1148 1047 972 898 904 907 1115 973 889 1102 931 946 1090 1188 1149 1005 1108 1132 784 1187 984 1077 1006 1158 929 1079 875 998 1045 918 800 871 1133 1183 868 1143 1009 863 957 1119 1122 1021 1040 1212 
1142 1082 1003 915 980 945 868 1079 759 879 993 855 788 1065 1200 993 906 964 1045 843 1128 922 992 898 1066 888 1162 812 924 923 880 723 892 1111 1093 882 1010 990 920 940 1071 1142 871 1038 1178 
1002 765 825 759 883 761 750 789 610 762 792 696 657 923 1012 931 798 699 865 641 880 679 791 659 881 815 951 683 862 878 794 612 728 910 963 707 788 786 759 866 800 946 794 864 911 
1233 1078 1031 934 978 942 974 1034 727 849 1022 876 806 981 1045 994 965 993 1044 827 1111 807 987 954 1040 982 964 845 1075 1005 897 709 912 1134 1128 743 1034 1108 839 1047 940 1087 997 1099 1171 
